=== Pinocchio Computation Results ===
Base Transform for 'base_link':
  R =
1 0 0
0 1 0
0 0 1
  p =      0      0 0.0985


Jacobian for 'arm_6_link':
 2.22045e-16           -1 -6.66134e-16       0.7065  2.32847e-16     -0.11405            0            0 -6.66134e-16       -0.021  -1.9329e-16  -1.2326e-32         0.02 -1.54074e-32            0            0            0            0 2.96439e-323         -nan
           1  2.22045e-16 -3.79054e-16  1.21541e-16       0.7065       0.7345            0            0 -3.79054e-16       0.7485 -9.78953e-17 -1.11022e-16 -1.58501e-17  5.26043e-33            0            0 4.78623e-310 4.78623e-310 5.99791e-310            0
 3.79054e-16 -6.66134e-16            1      -0.7345     -0.11405  2.02442e-16            0 4.78623e-310            1  2.69733e-16       0.6235  5.55112e-17       -0.312 -1.38778e-17            0            0 4.78623e-310 4.94066e-324            0            0
           0            0            0  2.22045e-16           -1 -6.66134e-16 7.83094e-321  1.4822e-323            0 -6.66134e-16  2.46519e-32           -1 -2.22045e-16            1  9.86076e-32 4.78623e-310 1.11165e-321            0            0 4.78623e-310
           0            0            0            1  2.22045e-16 -3.79054e-16 4.78623e-310  3.9656e-317            0 -3.79054e-16           -1 -2.22045e-16            1  6.97261e-32 -1.47911e-31            0 4.78623e-310            0 4.78623e-310            0
           0            0            0  3.79054e-16 -6.66134e-16            1 6.37375e-310            0            0            1 -1.57009e-16 -4.44089e-16 -6.50354e-17  2.22045e-16            1            0 4.78623e-310 4.78623e-310 6.37375e-310            0

Collision Distance between 'arm_1_link' and 'arm_2_link': 0.130255 m
